2 0.9910457 0.9864734
2 0.9436371 0.9364028
2 0.9937573 0.9911982
2 0.9040483 0.9857896
2 1.019665 0.9008021
2 0.9524445 0.9865415
2 0.9787349 0.9961093
2 0.8754702 0.9674973
2 0.9929474 0.8762718
2 1.004467 0.9938833
3 0.9946592 0.7803926 0.8629188
3 0.9957866 0.9801876 0.8760802
3 0.8542346 0.9244714 0.9211123
3 0.9744806 0.8026193 0.9800004
3 0.996569 0.9005434 0.9390086
3 0.8821462 0.9986442 0.9761516
3 0.9857434 0.9422727 0.9192407
3 0.9210348 0.7685916 0.9950726
3 0.9922858 0.9770672 0.9085976
3 0.9644612 0.9570609 0.8719139
4 0.9676788 0.7864641 0.9680585 0.9058901
4 0.9605557 0.9717853 0.7375584 0.9640405
4 0.9967222 0.3662965 0.9557285 0.5302631
4 0.9801276 0.7705598 0.8669611 0.9853149
4 0.9961583 0.4745535 0.9312684 0.6616163
4 0.8730468 0.834028 0.5910361 0.8675238
4 0.795527 0.9070047 0.9524842 0.976898
4 0.7904692 0.9775264 0.957868 0.8393032
4 0.7541063 1.005808 0.8627842 0.9069094
4 0.9579838 0.9330434 0.952713 0.8758464
5 0.9270562 0.9757195 0.997735 0.5688846 0.9791629
5 0.8324557 0.8490256 0.7134213 0.9732849 0.6873155
5 0.810582 0.993622 0.5741848 0.616693 0.6231514
5 0.9244659 0.8211588 0.904914 0.8623127 0.9197647
5 0.6897565 0.7191694 0.8755424 0.760458 0.5174557
5 0.906968 0.4597058 0.7994521 0.9006059 0.9263219
5 0.4896933 0.8306757 0.6827571 0.6710329 0.898362
5 0.9510348 0.1881344 0.9451847 0.926935 0.8051304
5 0.8146465 0.9243332 0.9503326 0.8818657 0.9906103
6 0.6819578 0.3211698 0.9268383 0.8407686 0.9998616 0.7213004
6 0.9332275 0.1905095 0.8584559 0.8321619 0.9513297 0.7431793
6 0.8531525 0.8377004 0.9139507 0.9874151 0.9650461 0.9124196
6 0.9489893 0.6565187 0.2457015 0.907186 0.7709832 0.8862032
6 0.9830175 0.4198779 0.9976008 0.967199 0.9270796 0.7833984
6 0.6690902 0.8603458 0.5908401 0.8635425 0.9725469 0.983114
6 0.9669962 0.9720898 0.8489422 0.5732909 0.9826946 0.7974917
6 0.5236039 0.8887138 0.8889637 0.9492655 0.6766015 0.8035789
6 0.7405661 0.7360653 0.5496247 0.601991 0.5369988 0.7885999
7 0.779097 0.7233038 0.7470956 0.5250025 0.6609733 0.6422689 0.8022325
7 0.5766572 0.789339 0.4076353 0.9238022 0.2027781 0.4415884 0.9589561
7 0.9838093 0.9563876 0.7266899 0.9025259 0.548643 0.5528886 0.4692324
7 0.9813759 0.3288682 0.9380292 0.871776 0.9769922 0.4507381 0.6276619
7 0.3221027 0.9571814 0.7610546 0.9906253 0.7811624 0.9444794 0.7794036
7 0.6296067 0.7554595 0.9795343 0.939602 0.7172316 0.8022124 0.5423859
7 0.8843942 0.8569107 0.8403008 0.07697329 0.4188538 0.7100317 0.858327
7 0.5100003 0.7727079 0.9164848 0.7452651 0.6895145 0.8855481 0.7931514
7 0.2823063 0.05131584 0.993543 0.4010287 0.6469603 0.8834672 0.987355
8 0.9781588 0.7913244 0.3415135 0.7334916 0.5109807 0.5473048 0.9126734 0.9670307
8 0.8229651 0.520487 0.2977025 0.5489992 0.859621 0.9600237 0.9654751 0.6292375
8 0.9546455 0.6478437 0.6816481 0.866615 0.6033403 0.7267533 0.7675979 0.7763305
8 0.9127207 0.3111679 0.8569426 0.6727147 0.7118829 0.9358685 0.9598116 0.7325584
8 0.7640888 0.7231861 0.6358165 0.9651777 0.3122419 0.7789519 0.9088667 0.9958206
8 0.9091288 0.6303849 0.9906213 0.7888256 0.8398381 0.972894 0.8875389 0.8758917
8 0.6399975 0.6475097 0.6856169 0.9287666 0.8538857 0.9637373 0.6719444 0.8531107
8 0.9917981 0.4057397 0.6026493 0.8873154 0.7820823 0.969526 0.5995555 0.8735713
8 0.9916131 0.6748538 0.8729901 0.69823 0.9571663 0.6674274 0.7820498 0.5713334
9 0.9930164 0.8162039 0.7359675 0.5885579 0.2753625 0.9802712 0.4539005 0.5937794 0.2645399
9 0.9013834 0.8756745 0.6051696 0.4166576 0.5644608 0.7224 0.5424236 0.6962903 0.9136379
9 0.5389989 0.230811 0.2803983 0.8961017 0.6282925 0.3319753 0.6931192 0.8620022 0.5109413
9 0.4909402 0.3767855 0.1902215 0.9552929 0.562438 0.9448691 0.8933898 0.8075697 0.648909
9 0.4986026 0.9741442 0.07664722 0.8704487 0.7494519 0.8732254 0.5941772 0.397668 0.7890328
9 0.7348839 0.8353426 0.9513606 0.9554351 0.7176344 0.6228958 0.9386981 0.6668232 0.9805556
9 0.8386123 0.5579733 0.8910708 0.6631057 0.6430972 0.8957536 0.4524254 0.8669167 0.5748883
9 0.8720986 0.5180671 0.7634204 0.7210775 0.4368791 0.2311868 0.8229698 0.2267661 0.9762333
10 0.4372412 0.2201897 0.6836767 0.5481567 0.8267148 0.6743886 0.6351206 0.6281037 0.9682771 0.4702967
10 0.865691 0.7746628 0.7368128 0.6855827 0.5466692 0.7997682 0.8888501 0.8293474 0.1100071 0.8353143
10 0.9094971 0.8226059 0.7697335 0.9190433 0.8155904 0.8713667 0.7952312 0.9839006 0.9122842 0.6318671
10 0.1688867 0.9350028 0.6768854 0.9176808 0.3363281 0.6441114 0.8350499 0.3409482 0.9953947 0.9408926
10 0.7821133 0.4732894 0.6514415 0.7602014 0.9743399 0.9682422 0.6850045 0.9783398 0.3990336 0.355411
10 0.7725235 0.7300196 0.2158487 0.146719 0.6941314 0.6524251 0.4296773 0.4036273 0.6052614 0.8556265
10 0.8842877 0.6141141 0.4688642 0.2192701 0.9704526 0.6282374 0.4981431 0.8601935 0.808823 0.9423589
10 0.7959275 0.2185962 0.09137721 0.5869935 0.2867005 0.3180869 0.5463159 0.6536665 0.3464166 0.1572391
10 0.9814775 0.3810018 0.3811249 0.7786633 0.2592672 0.7478131 0.9719291 0.9931129 0.3380832 0.8892228
11 0.4457023 0.9295717 0.1539173 0.3067052 0.9868284 0.6610849 0.7637454 0.5121303 0.3103155 0.6135549 0.6503789
11 0.08387877 0.587012 0.4352737 0.1709428 0.6292497 0.3979117 0.4856992 0.8209688 0.3083128 0.8388142 0.8196111
11 0.9451087 0.7842262 0.1568647 0.7691863 0.6088226 0.8892588 0.9759202 0.6933813 0.6367514 0.7746498 0.6075552
11 0.6446417 0.5712609 0.9906612 0.6547092 0.7304166 0.579698 0.9928466 0.9390246 0.6334029 0.3374885 0.3227174
11 0.4665969 0.6300257 0.7915124 0.3145358 0.5753407 0.4488046 0.9265675 0.07465062 0.9642517 0.1745493 0.778888
12 0.3790472 0.9995406 0.8655545 0.6183958 0.5471044 0.8557632 0.2991192 0.9439117 0.8937284 0.8292851 0.9493239 0.5458141
12 0.4375711 0.5216503 0.3653469 0.7527986 0.1909459 0.6462213 0.2188867 0.4653324 0.4956523 0.9615851 1.016578 0.9415104
12 0.6007699 0.6753977 0.9937986 0.4914799 0.4715096 0.8096471 0.4342102 0.3854085 0.7578324 0.7132917 0.7438853 0.9863073
12 0.9700794 0.9177124 0.5028133 0.3957267 0.8003429 0.7384258 0.5085814 0.8509609 0.8504003 0.9193627 0.8997618 0.8521512
12 0.4047196 0.8317043 0.9778776 0.2957177 0.9855622 0.4658558 0.9738522 0.5084581 0.5704151 0.8547833 0.5747721 0.833137
12 0.04584148 0.8155332 0.7631118 0.4986306 0.2252458 0.9515342 0.6169401 0.03074628 0.7222157 0.1065947 0.54876 0.05823051
12 0.6488953 0.3549185 0.6839708 0.7443472 0.9525823 0.7890669 0.2841141 0.3498457 0.9282199 0.3212905 0.9144163 0.8533467
13 0.5964394 0.07174019 0.5485846 0.7821102 0.2042275 0.1722674 0.3612397 0.006392456 0.04704573 0.6435191 0.02922677 0.04697676 0.6462027
13 0.2136849 0.9408376 0.7628893 0.2653936 0.8503254 0.5952217 0.9579236 0.9500557 0.8894771 0.1054008 0.6827584 0.9889638 0.1245162
13 0.7721653 0.7441017 0.8986602 0.6049637 0.4304833 0.8772672 0.2108062 0.7224659 0.9864925 0.7184335 0.7747622 0.9787874 0.1944213
2 0.9988861 0.9714193
2 0.952738 0.9878763
2 0.9818297 0.9961121
2 0.9728612 0.9719785
2 0.9873573 0.9776176
2 0.8763077 0.9636525
2 0.9996179 0.9658529
2 0.960313 1.004513
2 0.9390925 0.9601424
2 0.9989002 0.9578091
3 0.9873599 0.9769315 0.9746413
3 0.8652179 0.9734167 0.8420728
3 0.9915381 0.9822814 0.9807443
3 0.7955886 0.9991466 0.9858678
3 0.9683562 0.9266444 0.8580736
3 0.9443964 0.9812193 0.9756286
3 0.9463049 0.9950029 0.9039982
3 0.969461 0.897381 0.9746804
3 0.97644 0.9650011 0.9439964
3 0.930529 0.9974679 0.9563836
4 0.9840124 0.8352231 0.9174042 0.8986618
4 0.9492414 0.409402 0.964777 0.8883708
4 0.9261991 0.9971415 0.5504566 0.803892
4 0.7941718 0.6107226 0.2951962 0.8664132
4 0.9678703 0.9133147 0.8443373 0.8096224
4 0.9413758 0.3398572 0.9964495 0.7923695
4 0.9218182 0.9039612 0.994265 0.7074969
4 0.9006691 0.8261502 0.5029986 0.9694422
4 0.9658937 0.9934241 0.927407 0.9983074
4 0.9831703 0.7837435 0.8530698 0.9025066
5 0.8746445 0.971644 0.9695075 0.802608 0.3646881
5 0.7829021 0.8014332 0.8922246 0.8857151 0.7569692
5 0.9689792 0.8240842 0.8300934 0.8289594 0.7014417
5 0.8589579 0.7275604 0.9420979 0.9655923 0.8490121
5 0.9305344 0.9287864 0.9587223 0.9346102 0.9946342
5 0.8893759 0.09708723 0.7630252 0.7492046 0.848981
5 0.7930462 0.7796598 0.4086481 0.8755816 0.8834731
5 0.8242299 0.5111797 0.6437765 0.8754788 0.7213908
5 0.8602006 0.715344 0.617154 0.9795381 0.9780035
5 0.9871024 0.9254704 0.6461426 0.8824227 0.4071201
6 0.9430968 0.837243 0.6389707 0.6263949 0.6982959 0.9531402
6 0.8794107 0.9296128 0.9426301 0.9534303 0.7899824 0.9689698
6 0.4157428 0.6431386 0.9459153 0.6938838 0.7808931 0.9561623
6 0.9200847 0.7990311 0.746065 0.9056628 0.96624 0.8095797
6 0.9805808 0.8224284 0.9153327 1.003127 0.9448681 0.6986868
6 0.9588869 0.8132293 0.4363009 0.9057633 0.8993832 0.9528379
6 0.1427781 0.9720603 0.9991429 0.8663429 0.7229386 0.8557127
6 0.9473783 0.9595948 0.9749557 0.7027501 0.879663 0.9601678
6 0.4179757 0.979371 0.6628938 0.3274576 0.9407276 0.4438573
6 0.8976187 0.9625937 0.9855943 0.9331558 0.6742036 0.5494877
7 0.8014593 0.2865292 0.7359125 0.903695 0.8111745 0.8305972 0.8749426
7 0.4784874 0.6123229 0.7694069 0.7282547 0.823516 0.9251522 0.8367509
7 0.975221 0.9402594 0.7608563 0.98592 0.9021177 0.8492592 0.8640378
7 0.391729 0.7674195 0.843538 0.9183224 0.6927409 0.8619163 0.8981428
7 0.9752942 0.9135121 0.4493013 0.9387889 0.8430439 0.7982753 0.8188887
7 0.7709372 0.9406665 0.8675005 0.7232494 0.9658407 0.7902169 0.8359795
7 0.5463794 0.88228 0.788994 0.9325031 0.9960859 0.3948705 0.8788883
7 0.1439713 0.6991128 0.7923115 0.6143917 0.4118613 0.9994925 0.9703717
7 0.9650573 1.012199 0.2642909 0.9649573 0.760725 0.6408326 0.8302228
7 0.7738256 0.3518403 0.09840836 0.6447446 0.6790452 0.5919947 0.9216935
8 0.8472765 0.4606384 0.954835 0.5954688 0.7638034 0.912459 0.5235277 0.9869286
8 0.9723108 0.9474747 0.7338751 0.8567224 0.9814702 0.1548256 0.97946 0.3198963
8 0.6638749 0.8482305 0.8211529 0.4264855 0.9702719 0.6752084 0.8589633 0.6176243
8 0.5401169 0.3030773 0.772331 0.2145335 0.4983906 0.9243298 0.8621303 0.97442
8 0.5933833 0.686995 0.6891882 0.9707646 0.6120682 0.6170906 0.1414825 0.8145435
8 0.7376484 0.8238796 0.7444519 0.4747583 1.00518 0.4948324 0.9789208 0.8646782
8 0.7752941 0.8052729 0.9458007 0.6023202 0.9439032 0.8821879 0.5586178 0.497702
8 0.7355351 0.6284124 0.5764638 0.6544305 0.9121888 0.8378189 0.7842378 0.995648
8 0.5901844 0.9494555 0.493474 0.7332478 0.8239632 0.9307757 0.6654561 0.9722634
9 0.775815 0.8780235 0.9263676 0.9784409 0.2974479 0.9546679 0.4156163 0.4161216 0.6565026
9 0.2355314 0.7944308 0.6122643 0.9664758 0.3537398 0.8833269 0.8956878 0.9735264 0.5456334
9 0.6546955 0.6704873 0.7684644 0.5654463 0.4206557 0.7081476 0.4159879 0.174087 0.7980447
9 0.7176774 0.7631905 0.8780382 0.3285507 0.1269615 0.9212131 0.4519683 0.7570961 0.9225959
9 0.5166549 0.8781335 0.4215888 0.1479483 0.9679583 0.467621 0.4841948 0.3177499 0.808071
9 0.8939808 0.9905662 0.855757 0.8819169 0.5323547 0.7909814 0.3805909 0.3467173 0.2555089
9 0.7505246 0.9113889 0.9244971 0.7077371 0.7915843 0.7516798 0.6061186 0.935389 0.8248725
10 0.7550818 0.8884147 0.9145471 0.4562121 0.9492995 0.4669156 0.2315089 0.8313248 0.7302703 0.763424
10 0.7759074 0.5750164 0.8813205 0.7693551 0.2559685 0.7088902 0.9664661 0.7870148 0.6161814 0.08096259
10 0.6915458 0.4911854 0.3323901 0.6688073 0.8303029 0.7948396 0.8580017 0.4283889 0.9634565 0.317142
10 0.7745057 0.6185361 0.7273932 0.5883537 0.9850544 0.8796799 0.7916667 0.9237708 0.5257344 0.8384993
10 0.5871498 0.7066358 0.5098516 0.9783279 0.9673983 0.4292877 0.7192789 0.7769808 0.3831673 0.9199536
10 0.4813133 0.9333051 0.9124534 0.8239075 0.3272075 0.2741839 0.6928327 0.9844758 0.885229 0.3898921
10 0.8856832 0.8048519 0.5633212 0.7776309 0.5777352 0.5905189 0.7002554 0.7412887 0.9336097 0.8363901
