2 0.9996525 0.7545674
4 0.1573198 0.6186092 0.7711247 0.07321846
2 0.9996525 0.7545674
4 0.1573198 0.6186092 0.7711247 0.07321846
2 0.9996525 0.7545674
4 0.1573198 0.6186092 0.7711247 0.07321846
2 0.9996525 0.7545674
4 0.1573198 0.6186092 0.7711247 0.07321846
2 0.9996525 0.7545674
4 0.1573198 0.6186092 0.7711247 0.07321846
2 0.9996525 0.7545674
4 0.1573198 0.6186092 0.7711247 0.07321846
2 0.9996525 0.7545674
4 0.1573198 0.6186092 0.7711247 0.07321846
2 0.9996525 0.7545674
4 0.1573198 0.6186092 0.7711247 0.07321846
2 0.9996525 0.7545674
4 0.1573198 0.6186092 0.7711247 0.07321846
2 0.9996525 0.7545674
4 0.1573198 0.6186092 0.7711247 0.07321846
2 0.9996525 0.7545674
4 0.1573198 0.6186092 0.7711247 0.07321846
2 0.9996525 0.7545674
4 0.1573198 0.6186092 0.7711247 0.07321846
2 0.9996525 0.7545674
4 0.1573198 0.6186092 0.7711247 0.07321846
2 0.9996525 0.7545674
4 0.1573198 0.6186092 0.7711247 0.07321846
2 0.9996525 0.7545674
4 0.1573198 0.6186092 0.7711247 0.07321846
2 0.9996525 0.7545674
4 0.1573198 0.6186092 0.7711247 0.07321846
2 0.9996525 0.7545674
4 0.1573198 0.6186092 0.7711247 0.07321846
2 0.9996525 0.7545674
4 0.1573198 0.6186092 0.7711247 0.07321846
2 0.9996525 0.7545674
4 0.1573198 0.6186092 0.7711247 0.07321846
2 0.9996525 0.7545674
4 0.1573198 0.6186092 0.7711247 0.07321846
2 0.9996525 0.7545674
4 0.1573198 0.6186092 0.7711247 0.07321846
2 0.9996525 0.7545674
4 0.1573198 0.6186092 0.7711247 0.07321846
2 0.9996525 0.7545674
4 0.1573198 0.6186092 0.7711247 0.07321846
2 0.9996525 0.7545674
4 0.1573198 0.6186092 0.7711247 0.07321846
2 0.9996525 0.7545674
4 0.1573198 0.6186092 0.7711247 0.07321846
2 0.9996525 0.7545674
4 0.1573198 0.6186092 0.7711247 0.07321846
2 0.9996525 0.7545674
4 0.1573198 0.6186092 0.7711247 0.07321846
2 0.9996525 0.7545674
4 0.1573198 0.6186092 0.7711247 0.07321846
2 0.9996525 0.7545674
4 0.5196119 0.007919669 0.9990451 0.02723121
2 0.9996525 0.7545674
2 0.9996525 0.7545674
